First occurrence at t = 60.000000 with q = 1608965220987574736596464316498816857980644889485480294844000399529389105568228878592628677193058879413610034167438338789470732787011047840467593986048.000000
Centers of the clusters:
X = 60.333333      	Y = 5.000000       	Z = 0.000000       
X = 66.000000      	Y = 5.000000       	Z = 0.000000       
X = 65.000000      	Y = 0.000000       	Z = 0.000000       
X = 60.200000      	Y = -0.400000      	Z = 0.000000       
