First occurrence at t = 0.000000 with q = 0.360948
Centers of the clusters:
X = 0.000000       	Y = 5.000000       	Z = 0.000000       
X = 5.000000       	Y = 5.000000       	Z = 0.000000       
X = 5.000000       	Y = 0.000000       	Z = 0.000000       
X = 0.000000       	Y = 0.000000       	Z = 0.000000       
